0.00000    0.00000    0.00000
4.02000    0.00000    0.00000
0.00000    2.84257    0.00000
4.02000    2.84257    0.00000
0.00000    5.68514    0.00000
4.02000    5.68514    0.00000
2.01000    4.26385    1.42128
6.03000    4.26385    1.42128
2.01000    1.42128    1.42128
6.03000    1.42128    1.42128
2.01000    7.10642    1.42128
6.03000    7.10642    1.42128
0.00001   -0.00002    2.82825
4.01999   -0.00002    2.85718
0.00001    2.84253    2.82812
4.01999    2.84254    2.85707
0.00001    5.68518    2.82816
4.01999    5.68517    2.85710
1.98341    1.42123    4.28867
6.05656    1.42123    4.28867
1.98341    4.26387    4.28859
6.05656    4.26386    4.28859
1.98341    7.10645    4.28870
6.05656    7.10644    4.28870
4.01998    2.84255    5.65839
4.01998   -0.00001    5.65852
4.01998    5.68514    5.65843
0.00002    5.68519    5.71143
0.00002    2.84252    5.71134
0.00002   -0.00003    5.71160
1.93233    7.10641    7.14275
6.10764    7.10641    7.14275
1.93231    4.26384    7.14253
6.10766    4.26385    7.14254
1.93232    1.42128    7.14268
6.10764    1.42128    7.14267
4.01999    2.84254    8.38406
4.01998   -0.00002    8.38419
4.01998    5.68516    8.38409
0.00002    5.68517    8.75599
0.00002    2.84253    8.75595
0.00002   -0.00002    8.75609
1.98007    1.42127    9.99379
6.05989    1.42127    9.99379
1.98014    4.26384    9.99362
6.05984    4.26385    9.99363
1.98004    7.10642    9.99386
6.05992    7.10642    9.99386
4.01999   -0.00001   11.13486
4.01998    2.84257   11.13482
4.01998    5.68513   11.13482